1
0010000000000000000
0000100000000000000
0120022220000000000
0012000010000000000
0001200000000000000
0002222000000000000
0011022000000000000
0000002200000000000
0000000020000000000
0000000002000000000
0000000000000000000
0000000000000000000
0000000000000000000
0000000000000000000
0000000000000000000
0000000101000000000
0000000000000000000
0000000001000000000
0010000000000000000

0
0000100000000000001
0000000000000000000
0120022220000000000
0012000010000000000
0001200000000000000
0002222000000000000
0011022000000000000
0000002200000000000
0000000020000000000
0000000002000000000
0000000000000000000
0000000000000000000
0000000000000000000
0000000000000000000
0000000000000000000
0000000000000000000
0000000000000000000
0000000000000000000
0000000000000000000

2
0000000000000000000
0000000000000000000
0120022220000000000
0012000010000000000
0001200000000000000
0002222000000000000
0000000000000000000
0011022000000000000
0000002200000000000
0000000020000000000
0000000002000000000
0000000000000000000
0000000000000000000
0000000000000000000
0000000000000000000
0000000000000000000
0100000000000000000
0000000000000000000
0000000000000000000
0000000000000000000
0101010000000000000

3
0000000000000000000
0000000000000000000
0120022220000000000
0012000010000000000
0001200000000000000
0002222000000000000
0011002000000000000
0000001200000000000
0000000000000000000
0000000000000000000
0000000000000000000
0000000000000000000
0000000000000000000
0000000000000000000
0000000000000000000
0000000000000100000
0000000000002010000
0000000000000001000
0000000000000000100